79
241
203
167
213
124
136
48
253
170
174
13
222
238
116
236
130
37
233
71
232
59
167
54
23
112
54
235
238
200
21
37
165
126
138
255
0
0
255
115
143
111
172
25
12
0
0
0
255
255
123
162
213
44
132
0
0
255
43
0
0
2
0
0
255
0
96
188
181
161
127
142
7
213
12
92
209
18
22
27
153
221
166
194
191
62
167
243
130
44
81
36
148
20
72
167
106
195
75
114
95
58
202
19
179
118
161
83
105
208
252
79
131
254
201
226
29
64
98
166
