2213
2959
5879
5701
65
2128
1971
4771
2386
9885
8103
1
2
3
5
8
2216
363
8905
8013
6856
42
12
1139
6066
7232
2097
2677
1781
6131
6086
9373
8337
6858
7899
8609
144
233
719
2514
2674
6271
2183
2564
8217
1969
789
8265
2584
4181
6765
4640
6060
6419
1516
4839
1499
3
5
8
13
21
34
55
89
144
233
3560
2269
4059
1636
1688
5908
2867
9459
4875
6727
1058
9184
5748
6334
3315
6145
1109
1737
3529
2489
7592
1785
5553
2565
9883
6248
3785
4469
2758
6011
4462
4183
6779
5975
8917
2113
7053
2528
1968
6123
8202
6334
7864
7447
5225
3224
9672
3385
8916
391
6868
712
2985
